-38.65, -28.80, -61.35, -3.73, -39.56, -27.79, -33.39, -8.97
-0.22, -29.35, 7.07, 14.81, 0.07, -27.58, 6.48, -4.39
-2.76, -31.84, 23.80, 11.76, -1.70, -30.10, 7.76, -3.12
-8.79, -33.53, 15.88, 8.45, -7.80, -31.85, 4.14, -1.77
-6.52, -29.92, 15.56, 7.28, -5.63, -28.43, 8.14, 3.65
-16.25, -18.57, 10.23, 13.86, -15.19, -17.27, 0.85, 15.78
-35.26, -20.55, -6.59, 15.83, -34.12, -19.10, -15.75, 15.29
-44.35, -36.01, -21.24, 7.86, -43.42, -34.26, -23.83, 2.33
-20.74, -41.95, -24.67, -12.13, -20.90, -40.76, -4.27, -4.35
-1.30, -40.06, -9.02, -17.21, -1.61, -39.15, 11.70, -4.07
8.03, -7.56, 8.83, -0.75, 8.06, -7.29, 19.57, 24.11
3.31, 7.72, 7.70, 27.04, 3.49, 8.49, 13.90, 38.33
-0.21, 9.58, 1.44, 28.86, -0.15, 10.35, 8.85, 38.72
-2.54, -1.62, 4.87, 26.51, -2.25, -0.50, 6.33, 27.83
-8.96, -16.31, -5.26, 5.64, -8.81, -15.43, -1.15, 11.91
-15.36, -35.79, -15.35, -9.93, -15.36, -34.76, -9.07, -7.74
-11.25, -43.03, -16.03, -28.76, -11.44, -42.46, -7.07, -17.46
10.25, -18.50, -22.25, -22.53, 8.95, -18.66, 7.50, 1.79
18.92, 18.38, 10.64, 21.75, 18.59, 18.52, 15.48, 35.96
1.24, 22.73, 4.45, 41.09, 1.37, 23.46, -1.46, 40.43
-15.72, -11.80, -14.58, 30.83, -15.67, -10.09, -18.48, 10.10
-15.71, -29.49, -13.21, -14.37, -15.61, -28.89, -18.13, -9.79
3.45, -15.42, 9.56, -17.69, 3.70, -15.51, 2.03, 0.03
-7.33, -22.14, 24.73, 3.11, -6.05, -21.13, -3.05, -4.70
-17.92, -12.23, 8.62, 32.09, -16.86, -10.46, -10.40, 9.66
-54.56, -8.51, -10.65, 18.15, -52.80, -7.44, -40.65, 13.44
-78.38, -8.98, -9.35, 8.10, -75.62, -8.30, -54.60, 11.86
-75.19, -6.46, -39.34, 7.60, -73.75, -5.90, -49.66, 13.16
-34.42, -11.17, -14.52, 11.10, -33.62, -10.28, -9.23, 9.02
-23.41, -11.00, 4.40, 7.15, -22.30, -10.27, 3.42, 8.63
-26.30, -10.54, 10.55, 7.37, -24.82, -9.83, 3.32, 8.70
-26.32, -10.23, 8.67, 7.84, -24.92, -9.51, 5.04, 8.72
-26.65, -10.50, 6.44, 6.13, -25.33, -9.84, 5.91, 7.91
-28.17, -10.16, 7.50, 8.16, -26.74, -9.42, 5.91, 8.16
-30.05, -11.28, 23.41, 7.59, -27.92, -10.53, 8.55, 7.00
-24.53, -9.64, 14.51, 10.00, -22.97, -8.86, 14.72, 8.75
-31.64, -11.13, 10.09, 7.63, -29.98, -10.38, 9.09, 7.19
-29.85, -9.71, 6.71, 5.84, -28.39, -9.09, 11.04, 7.98
-27.38, -8.23, 9.44, 8.26, -25.91, -7.57, 13.79, 9.18
-26.24, -7.10, 5.26, 6.12, -24.98, -6.58, 14.07, 9.43
-24.53, -6.94, 6.57, 6.92, -23.29, -6.38, 15.03, 9.06
-19.32, -4.35, 8.45, 5.29, -18.20, -3.96, 18.87, 10.35
-5.53, -1.85, 21.16, 9.65, -4.46, -1.39, 31.27, 12.19
1.26, -0.58, 33.96, 11.49, 2.57, -0.09, 37.92, 12.94
26.91, 6.34, 47.46, 12.19, 27.73, 6.57, 60.91, 18.22
-10.22, 17.56, -50.06, 21.46, -11.81, 17.71, 10.42, 27.83
-19.70, 7.68, 23.19, 15.24, -17.99, 7.98, 6.58, 17.30
-27.08, 4.85, 22.43, 10.27, -25.10, 5.07, 2.62, 13.38
14.24, 11.33, 22.05, 14.67, 14.55, 11.46, 39.00, 18.60
43.59, 8.75, 73.74, 2.28, 44.80, 8.49, 69.61, 13.15
32.61, 14.24, 85.64, -2.24, 34.73, 13.58, 63.30, 14.55
27.31, 15.35, 55.36, 2.45, 28.43, 14.84, 56.73, 13.06
29.24, 14.05, 63.77, 3.68, 30.62, 13.63, 59.64, 9.82
31.06, 14.78, 58.74, 5.90, 32.16, 14.43, 60.82, 9.07
21.83, 12.91, 62.09, 7.39, 23.44, 12.69, 53.64, 6.53
9.23, 13.99, 39.00, 1.62, 10.42, 13.49, 40.46, 5.67
8.42, 13.64, 18.83, -3.69, 8.84, 12.95, 35.85, 2.98
-5.54, 8.03, -4.95, 14.37, -5.52, 8.28, 17.29, -0.04
-19.19, 4.36, -8.24, 14.69, -18.75, 4.77, 1.79, -1.37
-50.43, -1.66, -35.21, 5.38, -49.82, -1.38, -30.66, -5.96
-56.54, 0.74, -66.68, -2.72, -56.95, 0.60, -42.74, -4.07
-17.61, -2.46, -48.94, 5.86, -18.86, -2.13, -12.23, -5.12
-14.94, -2.21, 22.14, 4.86, -13.46, -1.93, -3.47, -3.54
-19.12, 0.10, 14.20, 8.95, -17.79, 0.45, -5.19, 0.37
-20.50, -0.82, -10.34, 9.43, -20.09, -0.41, -8.47, 1.10
-44.80, -18.87, -30.82, 0.73, -44.24, -18.09, -32.89, -13.75
-9.53, -34.28, -13.55, -12.55, -9.69, -33.41, -1.18, -26.22
-8.61, -32.94, -10.71, -18.23, -8.70, -32.35, -2.42, -23.64
-7.88, -32.12, -6.46, -14.48, -7.82, -31.41, -2.99, -20.94
-7.90, -30.74, -11.29, -18.56, -8.03, -30.25, -5.14, -19.06
-8.84, -30.04, -8.07, -16.73, -8.81, -29.50, -6.98, -17.54
0.78, -27.65, -7.96, -17.42, 0.43, -27.24, -0.03, -15.10
2.23, -27.08, -4.57, -15.49, 1.96, -26.62, -0.21, -14.17
0.85, -26.50, -3.30, -13.81, 0.69, -26.00, -2.56, -13.15
8.64, -24.32, 1.03, -13.65, 8.34, -23.90, 3.70, -11.04
10.47, -15.67, 11.51, -8.03, 10.52, -15.36, 5.98, -3.00
5.61, -10.88, 15.87, -3.43, 6.02, -10.58, 3.03, 1.27
9.00, 0.41, 21.07, 8.36, 9.48, 0.72, 8.23, 12.15
-10.39, 39.01, 30.82, 28.13, -8.74, 38.57, -4.02, 46.80
30.60, 47.71, 40.73, 32.94, 31.01, 47.12, 36.55, 51.85
49.86, 45.23, 2.73, 51.29, 47.98, 45.47, 45.78, 50.13
72.65, 40.76, 1.53, 52.49, 69.80, 41.23, 57.01, 46.68
72.16, 44.76, -1.38, 71.10, 69.22, 45.81, 46.52, 54.18
65.02, 38.30, 2.57, 66.93, 62.53, 39.45, 32.61, 50.81
64.54, 35.75, -15.31, 52.59, 61.34, 36.42, 22.44, 48.75
62.42, 37.20, -29.84, 46.59, 58.73, 37.57, 10.07, 49.65
66.58, 40.32, -37.86, 41.99, 62.41, 40.39, 3.32, 51.05